alpha_5:
  links:
    - link_0
    - link_1
    - link_2
    - link_3
    - link_4

  dh_parameters:
    link_0:
      d: 46.2
      theta_init: 0.0
      theta_c: 0.0
      theta: 3.14159265
      a: 20.0
      alpha: 1.57079633

    link_1:
      d: 0.0
      theta_init: 0.0
      theta_c: 0.26863812
      theta: -1.57079633
      a: 150.70530847
      alpha: 3.14159265

    link_2:
      d: 0.0
      theta_init: 0.0
      theta_c: 0.26863812
      theta: -1.57079633
      a: 20.0
      alpha: -1.57079633

    link_3:
      d: -180.0
      theta_init: 0.0
      theta_c: 0.0
      theta: 1.57079633
      a: 0.0
      alpha: 1.57079633

    link_4:
      d: 0.0
      theta_init: 0.0
      theta_c: 0.0
      theta: -1.57079633
      a: 0.0
      alpha: 0.0


  inertial_properties:
    # Units:
    #  mass: kg
    #  com: mm
    #  I_com: kg*mm^2
    #  I_link: kg*mm^2
    link_0:
      mass: 0.234
      com: [-52.426, -7.120, -0.037]
      I_com: [45.012,   2.832,  -4.115,
               2.832, 393.932,  -0.010,
              -4.115,  -0.010, 397.995]
      I_link: [56.495,   91.063,   -3.655,
               91.063, 1043.265,    0.059,
               -3.655,    0.059, 1059.604]

    link_1:
      mass: 0.161
      com: [7.746, 0.112, 25.038]
      I_com: [109.469,   0.808, -29.828,
                0.808, 122.362,   0.544,
               29.828,   0.544,  43.987]
      I_link: [209.962,   0.976, 60.874,
                 0.976, 232.445,  1.089,
                60.874,   1.089, 53.581]

    link_2:
      mass: 0.38
      com: [73.563, -0.091, -0.734]
      I_com: [ 82.697, -74.836,  -1.866,
              -74.836, 847.148,   0.317,
               -1.866,   0.317, 868.483]
      I_link: [ 82.905,  -77.380,  -22.366,
               -77.380, 2903.184,    0.342,
               -22.366,    0.342, 2924.317]

    link_3:
      mass: 0.142
      com: [11.188, -16.660, 0.148]
      I_com: [ 63.596, -21.363, -0.802,
              -21.363,  40.651,  0.337,
               -0.802,   0.337, 75.158]
      I_link: [102.986, -47.813,  -0.566,
               -47.813,  58.418,  -0.014,
                -0.566,  -0.014, 132.308]

    link_4:
      mass: 0.355
      com: [-0.030, -1.482, -100.881]
      I_com: [615.921,   0.067, -7.916,
                0.067, 625.307, -0.428,
               -7.916,  -0.428, 62.574]
      I_link: [4233.813,    0.083, -6.827,
                  0.083, 4242.419, 52.693,
                 -6.827,   52.693, 63.355]

  buoyancy_properties:
    # Units:
    #  volume: L
    #  cob: mm
    link_0:
      volume: 0.157
      cob: [-53.0, -3.0, -1.0]

    link_1:
      volume: 0.032
      cob: [2.0, -4.0, 31.0]

    link_2:
      volume: 0.218
      cob: [76.0, 0.0, -1.0]

    link_3:
      volume: 0.032
      cob: [2.0, -4.0, 29.0]

    link_4:
      volume: 0.134
      cob: [0.0, 0.0, -97.0]
